3.62396240234375e-05
2.193450927734375e-05
1.7404556274414062e-05
1.1682510375976562e-05
1.811981201171875e-05
2.956390380859375e-05
3.838539123535156e-05
4.100799560546875e-05
4.6253204345703125e-05
5.6743621826171875e-05
4.696846008300781e-05
6.556510925292969e-05
4.172325134277344e-05
4.1961669921875e-05
5.14984130859375e-05
3.933906555175781e-05
0.00012946128845214844
0.00011682510375976562
0.00013899803161621094
0.0001227855682373047
0.00015354156494140625
9.393692016601562e-05
0.00019979476928710938
0.00019097328186035156
8.273124694824219e-05
0.00012302398681640625
0.00012636184692382812
0.00011897087097167969
0.00010228157043457031
0.00013828277587890625
0.00010752677917480469
0.00014829635620117188
0.00014853477478027344
0.00019812583923339844
0.0001354217529296875
0.0002129077911376953
0.00014710426330566406
0.00014710426330566406
0.0001506805419921875
0.00016427040100097656
0.0001437664031982422
0.0001690387725830078
0.00032782554626464844
0.00019502639770507812
0.00019240379333496094
0.00032591819763183594
0.0002942085266113281
0.0002124309539794922
0.00028705596923828125
0.0001850128173828125
