3.337860107421875e-05
3.2901763916015625e-05
2.5033950805664062e-05
2.8848648071289062e-05
0.00011539459228515625
6.580352783203125e-05
7.081031799316406e-05
6.532669067382812e-05
5.030632019042969e-05
8.511543273925781e-05
8.606910705566406e-05
0.00010085105895996094
6.914138793945312e-05
6.628036499023438e-05
0.00013303756713867188
0.000232696533203125
0.0001537799835205078
0.0001456737518310547
0.0001316070556640625
0.00015020370483398438
0.00015354156494140625
0.00015807151794433594
0.000148773193359375
0.0001380443572998047
0.00015354156494140625
0.0001442432403564453
0.0002033710479736328
0.0001499652862548828
0.00017547607421875
0.00015878677368164062
0.00030350685119628906
0.0002951622009277344
0.00018167495727539062
0.0001926422119140625
0.0003056526184082031
0.0002932548522949219
0.00025010108947753906
0.0002372264862060547
0.00021147727966308594
0.0002639293670654297
0.00025534629821777344
0.00025343894958496094
0.00021886825561523438
0.0002510547637939453
0.0002586841583251953
0.00044155120849609375
0.00032329559326171875
0.0003833770751953125
0.0003037452697753906
0.0002677440643310547
